1 -0.0736592 0.4576131 -0.3524093 0.1163350 -0.2644786 -0.4870697 0.2345395 0.3589459 0.2393321 0.1233950 0.1498321 0.0192509 -0.5300820 -0.3654923 0.5473933 -0.1725818 0.2092363 0.0686531 -0.0647600 -0.2318953 -0.3677847 0.1961716 -0.1631380 -0.6116704 0.0700961 0.2899584 0.2567854 0.2430245 -0.5791111
2 0.5548370 0.7665518 -0.4390602 -0.2080940 -0.5670798 -0.2625141 0.1455374 0.1621690 0.3982569 0.5016791 0.3145001 -0.0931929 -0.9582871 -0.1590371 0.4311211 -0.2426314 0.3262136 0.3335549 0.1474559 -0.1402848 -0.8287337 0.6012422 0.2213540 -0.2401355 0.6192777 0.1372367 -0.1920383 0.1326422 -0.4325521
3 0.5433325 0.5061635 -0.2341704 -0.2375316 -0.3725694 -0.0808947 -0.0157058 0.0417811 0.2882444 0.4449411 0.2850512 -0.0801367 -0.7010287 -0.0026300 0.1556040 -0.2164039 0.1452629 0.3001245 0.1770426 0.0079713 -0.6282269 0.5060136 0.2645153 -0.0138291 0.5642316 -0.0056745 -0.3005878 0.0080960 -0.1605510
4 0.4585891 0.6786842 -0.4239941 -0.1633575 -0.5001072 -0.2603857 0.1567886 0.1819210 0.3485492 0.4157786 0.2518824 -0.0779271 -0.8355898 -0.1887125 0.4223320 -0.2071413 0.3135382 0.2838126 0.1139304 -0.1369106 -0.7074081 0.5032418 0.1650289 -0.2688200 0.5097659 0.1569116 -0.1305458 0.1409605 -0.4067350
5 -0.8299201 -0.2365834 -0.0173069 0.3995810 0.2797477 -0.3796896 0.2233604 0.3141071 -0.1113389 -0.4285258 -0.1762108 0.1147824 0.3980281 -0.3844292 0.2939724 0.0627597 -0.0341382 -0.3325848 -0.2704659 -0.1947348 0.4640796 -0.4775275 -0.5209327 -0.6617451 -0.6778392 0.2985231 0.6956507 0.2478028 -0.3900615
6 -0.9698201 -0.3044883 0.0100722 0.4672605 0.3582690 -0.4062707 0.2415087 0.3510637 -0.1467205 -0.4979429 -0.2085493 0.1341327 0.4913070 -0.4162178 0.2999826 0.0776383 -0.0511570 -0.3888258 -0.3158516 -0.2107002 0.5662906 -0.5631196 -0.5952944 -0.7423268 -0.7995696 0.3267632 0.7975440 0.2775141 -0.4126960
7 -0.9659337 -0.3107380 0.0153738 0.4651958 0.3606893 -0.4013508 0.2394501 0.3447229 -0.1473434 -0.4952012 -0.2120465 0.1342995 0.4964604 -0.4138538 0.2920516 0.0834588 -0.0538957 -0.3885747 -0.3150074 -0.2109540 0.5706803 -0.5651290 -0.5960426 -0.7353883 -0.7979259 0.3263035 0.7948667 0.2809317 -0.4092572
8 0.3638806 0.5513077 -0.3489379 -0.1392626 -0.3997865 -0.2031132 0.1360649 0.1442872 0.2894009 0.3336005 0.1953747 -0.0734911 -0.6696783 -0.1629148 0.3426885 -0.1636415 0.2606240 0.2331966 0.0890356 -0.1141730 -0.5672523 0.3978340 0.1283963 -0.2278799 0.4043607 0.1377475 -0.0935161 0.1211093 -0.3387425
9 0.3858427 0.1582422 0.0254298 -0.2473026 -0.1445169 0.1424802 -0.1507961 -0.1439279 0.1199614 0.3108021 0.2142860 -0.0499019 -0.3047368 0.1851126 -0.1603244 -0.1272870 -0.0295955 0.1701630 0.1945564 0.1404595 -0.3402880 0.3003355 0.2782025 0.2356869 0.3971038 -0.1644240 -0.2968020 -0.0930870 0.1195570
10 0.2618350 0.0160225 0.0787498 -0.1866048 -0.0260799 0.1652617 -0.1405636 -0.1431651 0.0472079 0.2009332 0.1417754 -0.0264964 -0.1160911 0.1706703 -0.2106407 -0.0717811 -0.0619087 0.0941815 0.1415050 0.1575325 -0.1595894 0.1731755 0.2128915 0.2254329 0.2485847 -0.1514246 -0.2194831 -0.0806892 0.1740553
11 -0.8376477 -0.2364922 -0.0183278 0.4032933 0.2811330 -0.3839182 0.2259534 0.3182584 -0.1130375 -0.4345447 -0.1765102 0.1163376 0.4009772 -0.3865720 0.2992412 0.0617516 -0.0329297 -0.3369189 -0.2734931 -0.1958655 0.4674910 -0.4811962 -0.5244870 -0.6674642 -0.6840274 0.3007699 0.7017745 0.2473535 -0.3927162
12 -0.0611566 0.3091968 -0.2715340 0.0297822 -0.1526891 -0.3155575 0.1902663 0.2240118 0.1785356 0.0737054 0.0340884 -0.0351288 -0.2872604 -0.2929832 0.3647385 -0.0582346 0.1315152 0.0813866 -0.0655082 -0.1751630 -0.2000735 0.0607357 -0.1406794 -0.4066804 -0.0124823 0.2342176 0.1656924 0.1862815 -0.4176871
13 0.1869708 0.4274875 -0.3110118 -0.0643200 -0.3047833 -0.2343546 0.1490627 0.1715972 0.2140485 0.2031783 0.1278595 -0.0363559 -0.4966567 -0.2076651 0.3327363 -0.1165009 0.2199229 0.1395970 0.0434792 -0.1207319 -0.4024376 0.2587223 0.0318565 -0.2884325 0.2346104 0.1589521 0.0197244 0.1377334 -0.3347608
14 0.3834567 0.4572200 -0.2600884 -0.1670644 -0.3442115 -0.1248063 0.0528176 0.0796182 0.2508680 0.3418966 0.2144375 -0.0633208 -0.5939670 -0.0721864 0.2195676 -0.1707125 0.1838032 0.2259957 0.1223511 -0.0407123 -0.5272090 0.3875331 0.1760905 -0.1119911 0.4180472 0.0549922 -0.1574390 0.0617758 -0.2216856
15 0.2327194 -0.1198979 0.1904503 -0.2110575 0.0431453 0.2319286 -0.2648518 -0.2075917 -0.0179804 0.1719172 0.1698285 0.0178060 0.0246964 0.2737384 -0.3469287 -0.0672149 -0.1730245 0.0656736 0.1919866 0.2493641 -0.0863128 0.1199923 0.2526573 0.3656730 0.2181659 -0.2768739 -0.2733081 -0.1687201 0.3051794
16 0.2664785 -0.0495055 0.1503121 -0.2149678 -0.0028937 0.2238833 -0.2346440 -0.1940393 0.0026574 0.2188731 0.1888514 0.0017036 -0.0579838 0.2679240 -0.3086469 -0.0725076 -0.1260585 0.0716450 0.1994527 0.2259499 -0.1508380 0.1719621 0.2632266 0.3421402 0.2545121 -0.2662544 -0.2719487 -0.1492845 0.2581215
17 -1.1408153 -0.4527285 0.0966413 0.5354901 0.4885600 -0.3762805 0.2445236 0.3402807 -0.2191040 -0.6112593 -0.2749184 0.1592077 0.6825111 -0.4156480 0.2388170 0.1363741 -0.0986539 -0.4742254 -0.3689886 -0.2087258 0.7508028 -0.7019316 -0.6753472 -0.7598591 -0.9629598 0.3306814 0.9033668 0.2939004 -0.3710368
18 0.1848215 0.4066809 -0.2805099 -0.0707391 -0.2904311 -0.2019286 0.1405103 0.1399285 0.2126610 0.2009375 0.1300829 -0.0442604 -0.4663173 -0.1778210 0.3002388 -0.1052165 0.2078589 0.1387809 0.0416424 -0.1191517 -0.3897086 0.2486140 0.0412710 -0.2499879 0.2296725 0.1425075 0.0136279 0.1262261 -0.3225746
19 0.2123149 -0.1308137 0.1855239 -0.2029983 0.0454202 0.2249915 -0.2507584 -0.2032142 -0.0223495 0.1558145 0.1520200 0.0165371 0.0371239 0.2599491 -0.3399220 -0.0645922 -0.1712615 0.0549008 0.1791409 0.2419292 -0.0752744 0.1020370 0.2375848 0.3476720 0.1981401 -0.2572390 -0.2499230 -0.1582792 0.2988736
20 0.2548528 0.3006541 -0.1674972 -0.1283933 -0.2318206 -0.0747166 0.0268547 0.0392109 0.1717692 0.2364822 0.1595980 -0.0429484 -0.3950741 -0.0418384 0.1270369 -0.1192503 0.1148407 0.1469715 0.0974919 -0.0136089 -0.3626360 0.2605174 0.1309724 -0.0702286 0.2859864 0.0250061 -0.1022150 0.0413626 -0.1476022
21 0.2478528 -0.0983365 0.1826213 -0.2160465 0.0337195 0.2339217 -0.2555267 -0.2092477 -0.0113474 0.1907095 0.1779115 0.0130515 -0.0040923 0.2779441 -0.3407083 -0.0690373 -0.1603747 0.0708115 0.1936490 0.2417413 -0.1064254 0.1385634 0.2603884 0.3607272 0.2313041 -0.2735794 -0.2736925 -0.1597871 0.2940995
22 0.1432572 0.3827753 -0.2713315 -0.0555888 -0.2634342 -0.2119794 0.1448677 0.1449881 0.2022229 0.1737997 0.1114656 -0.0403363 -0.4243216 -0.1875687 0.2990115 -0.0929517 0.1937308 0.1248571 0.0278507 -0.1230914 -0.3473825 0.2171316 0.0148132 -0.2639868 0.1909965 0.1514198 0.0335942 0.1275302 -0.3243625
23 0.2240128 -0.1142369 0.1745121 -0.2063647 0.0392271 0.2245515 -0.2448747 -0.1993478 -0.0167082 0.1713033 0.1585001 0.0113108 0.0149109 0.2607738 -0.3319220 -0.0696460 -0.1625847 0.0587559 0.1834205 0.2386865 -0.0930649 0.1168095 0.2453379 0.3418656 0.2119281 -0.2569206 -0.2533303 -0.1525793 0.2880242
24 0.2978893 -0.1288645 0.1938780 -0.2011217 0.1128308 0.2395280 -0.3051387 -0.1747735 0.0012055 0.1317847 0.1069900 -0.0139574 0.0135190 0.2254416 -0.3586323 -0.0609695 -0.2315420 0.1719039 0.1626711 0.2523407 -0.0279334 0.1436463 0.2151998 0.3727626 0.2357358 -0.2589425 -0.3862508 -0.2110019 0.3512106
25 0.0961126 -0.1717040 0.1432279 -0.0754683 0.2086152 0.1584254 -0.1924768 -0.1019644 -0.0135178 -0.1117239 -0.1051851 -0.0424475 0.1429048 0.0396355 -0.2315737 0.0549985 -0.2217211 0.1651767 0.0317025 0.1276619 0.1906629 -0.0312261 0.0132763 0.2054096 0.0124679 -0.1062347 -0.2642999 -0.1480853 0.2699527
26 0.1471395 -0.1790960 0.1680400 -0.1042981 0.2173691 0.1861160 -0.2416917 -0.1181389 -0.0137783 -0.0719786 -0.0719022 -0.0362135 0.1295776 0.0798349 -0.2755791 0.0322547 -0.2500775 0.1897910 0.0595425 0.1639347 0.1674777 0.0037102 0.0523442 0.2572752 0.0589733 -0.1524048 -0.3196472 -0.1781460 0.3127078
27 0.1804815 -0.2788502 0.2436800 -0.2044791 0.1269011 0.2534883 -0.3114773 -0.2373045 -0.0893170 0.0928985 0.1350451 0.0553712 0.1864532 0.2969571 -0.4322525 -0.0506409 -0.2369448 0.0304775 0.1688839 0.3181580 0.0225258 0.0175646 0.2302210 0.4238194 0.1242058 -0.3141329 -0.2488427 -0.1866675 0.4023413
28 0.2732438 0.0848221 0.0055595 -0.1546874 -0.0236231 0.1170847 -0.0985199 -0.0649423 0.0962549 0.1630502 0.0773681 -0.0671018 -0.1698531 0.0601412 -0.1151611 -0.0623304 -0.0348453 0.1718484 0.0935567 0.0917137 -0.1415758 0.1807787 0.1475339 0.1322557 0.2423173 -0.0746607 -0.2386128 -0.0647327 0.1045454
29 0.2589310 0.0628308 0.0332255 -0.1679657 -0.0301702 0.1236352 -0.1095353 -0.0976692 0.0854373 0.1639641 0.0873996 -0.0615024 -0.1563345 0.0914370 -0.1424062 -0.0704928 -0.0597757 0.1518956 0.1055806 0.1026660 -0.1508822 0.1696957 0.1637251 0.1559890 0.2458773 -0.0863006 -0.2340239 -0.0726023 0.1278132
30 0.2375710 -0.2692132 0.2671941 -0.2353146 0.1125473 0.2782103 -0.3550749 -0.2609638 -0.0824968 0.1424936 0.1783154 0.0574320 0.1513505 0.3470964 -0.4708902 -0.0740229 -0.2609576 0.0495711 0.2052894 0.3502034 -0.0235056 0.0662426 0.2783374 0.4803858 0.1853134 -0.3588761 -0.3089361 -0.2195381 0.4371234
31 0.3699797 0.2591801 -0.0648881 -0.2212202 -0.2130281 0.0611065 -0.0707771 -0.0822037 0.1573170 0.3045585 0.2046204 -0.0519444 -0.3829764 0.1019673 -0.0351923 -0.1151832 0.0492803 0.1740955 0.1693653 0.0668603 -0.3901199 0.3153426 0.2372171 0.1285730 0.3868679 -0.0916231 -0.2354694 -0.0378698 -0.0026528
32 0.1739865 -0.0735939 0.1025403 -0.1114101 0.1127084 0.1070526 -0.1964712 -0.0779221 0.0299655 0.0174581 0.0072725 -0.0332114 -0.0055045 0.0623072 -0.1908861 -0.0331599 -0.1925553 0.1742074 0.0762403 0.1368204 0.0247571 0.0750819 0.0750611 0.1748978 0.1247402 -0.1157745 -0.2737890 -0.1364558 0.2065351
33 0.5762419 -0.0273616 0.2527619 -0.3918305 -0.0447428 0.3251374 -0.4655236 -0.3176255 0.0432854 0.4352499 0.3823039 0.0207285 -0.2204878 0.4846427 -0.4987978 -0.2061659 -0.2637033 0.2100973 0.3566901 0.3997725 -0.3724651 0.3890313 0.4915040 0.6186394 0.5526905 -0.4850408 -0.5712447 -0.2953650 0.4569905
34 0.6028887 -0.0323416 0.2434682 -0.3878234 -0.0376461 0.3056521 -0.4656303 -0.3040550 0.0541292 0.4205269 0.3692098 0.0195728 -0.2267051 0.4593005 -0.4929634 -0.2123822 -0.2780279 0.2393977 0.3377776 0.4033321 -0.3635008 0.3923599 0.4840674 0.6089737 0.5615897 -0.4631283 -0.5959688 -0.2944523 0.4699894
